0 0.00390625 0.080078125 0.146484375 0.087890625
2 0.0625 0.212890625 0.02734375 0.01953125
1 0.2578125 0.076171875 0.0234375 0.09375
2 0.162109375 0.03125 0.08984375 0.01171875
0 0.31640625 0.0703125 0.15625 0.107421875
2 0.37890625 0.212890625 0.029296875 0.01953125
1 0.576171875 0.5 0.1953125 0.09765625
0 0.650390625 0.0859375 0.1484375 0.07421875
2 0.708984375 0.212890625 0.029296875 0.01953125
1 0.90234375 0.5 0.1953125 0.09765625
1 0.025390625 0.359375 0.109375 0.03515625
2 0.021484375 0.265625 0.064453125 0.015625
2 0.0078125 0.4140625 0.10546875 0.0625
0 0.166015625 0.31640625 0.15234375 0.115234375
2 0.2265625 0.462890625 0.029296875 0.01953125
1 0.369140625 0.3671875 0.119140625 0.01953125
2 0.34765625 0.283203125 0.07421875 0.03125
2 0.3359375 0.423828125 0.099609375 0.03125
0 0.49609375 0.328125 0.150390625 0.091796875
2 0.556640625 0.462890625 0.029296875 0.01953125
1 0.751953125 0.75 0.1953125 0.09765625
0 0.8203125 0.326171875 0.171875 0.095703125
2 0.890625 0.462890625 0.03125 0.01953125
0 0.00390625 0.59375 0.15625 0.060546875
2 0.06640625 0.712890625 0.029296875 0.01953125
1 0.19140625 0.609375 0.11328125 0.03515625
2 0.193359375 0.525390625 0.083984375 0.03515625
2 0.169921875 0.666015625 0.0859375 0.0546875
0 0.3359375 0.587890625 0.15234375 0.072265625
2 0.396484375 0.712890625 0.029296875 0.01953125
1 0.5390625 0.61328125 0.072265625 0.0234375
2 0.517578125 0.52734375 0.1015625 0.0234375
2 0.50390625 0.671875 0.087890625 0.0390625
0 0.6640625 0.544921875 0.15234375 0.15625
2 0.724609375 0.712890625 0.029296875 0.01953125
1 0.921875 1.0 0.1953125 0.09765625
1 0.09765625 1.25 0.1953125 0.09765625
0 0.166015625 0.828125 0.146484375 0.08984375
2 0.22265625 0.962890625 0.02734375 0.01953125
1 0.42578125 0.826171875 0.0234375 0.09375
2 0.322265625 0.77734375 0.064453125 0.01171875
0 0.484375 0.8203125 0.15234375 0.10546875
2 0.544921875 0.962890625 0.029296875 0.01953125
2 0.662109375 0.763671875 0.130859375 0.05859375
0 0.81640625 0.8203125 0.17578125 0.107421875
2 0.888671875 0.962890625 0.033203125 0.01953125
0 0.158203125 0.1640625 0.064453125 0.0625
